2008-11-29 9 12 16 26 30 37 (27) 8408694  
2008-11-26 11 33 34 42 43 48 (07) 3188607  
2008-11-22 9 21 28 37 44 49 (19) 2510338  
2008-11-19 24 28 34 38 44 45 (35) 3332212  
2008-11-15 8 9 12 16 19 21 (47) 9653780  
2008-11-12 12 30 34 38 39 43 (36) 1283971  
2008-11-08 2 3 19 28 36 45 (39) 2401574  
2008-11-05 4 13 17 27 35 45 (34) 4467434  
2008-11-01 18 25 33 40 42 49 (19) 3914805  
2008-10-29 1 3 26 33 42 46 (45) 8379803  
2008-10-25 4 9 25 26 41 46 (40) 8899422  
2008-10-22 8 9 12 20 42 45 (39) 7428171 Bonus Prizes
2008-10-18 11 13 26 32 34 44 (02) 4015048 Bonus Prizes
2008-10-15 7 9 15 21 38 40 (13) 2208300 Bonus Prizes
2008-10-11 7 8 23 38 39 45 (47) 9712978 Bonus Prizes
2008-10-08 4 13 19 32 40 45 (28) 2624147 Bonus Prizes
2008-10-04 12 19 23 25 36 46 (02) 6813656  
2008-10-01 2 8 22 29 34 48 (47) 6868818  
2008-09-27 11 19 29 33 44 46 (34) 8669552  
2008-09-24 10 27 36 40 42 43 (37) 5629798  
2008-09-20 2 10 24 31 33 49 (03) 9020691  
2008-09-17 7 9 17 23 27 32 (22) 1316711  
2008-09-13 5 18 20 26 37 39 (14) 6827986  
2008-09-10 2 15 25 31 38 49 (48) 3136869  
2008-09-06 2 5 9 17 32 35 (36) 0675118  
2008-09-03 5 21 28 32 43 46 (13) 5136211  
2008-08-30 2 26 29 36 37 45 (31) 1937074  
2008-08-27 2 12 25 28 35 48 (03) 6430427  
2008-08-23 3 7 13 30 38 46 (24) 9206000  
2008-08-20 3 6 9 27 28 36 (45) 2034873  
2008-08-16 12 16 19 32 42 49 (03) 2591810  
2008-08-13 1 16 28 29 39 45 (23) 4844727  
2008-08-09 1 34 37 39 40 42 (11) 8959986  
2008-08-06 10 18 22 26 34 38 (39) 9984377  
2008-08-02 2 9 26 44 47 49 (34) 9617782  
2008-07-30 3 10 21 26 38 43 (48) 9828620  
2008-07-26 2 6 20 23 38 45 (24) 1850207  
2008-07-23 7 9 25 35 40 48 (01) 9513657  
2008-07-19 10 20 28 36 40 46 (23) 5065830  
2008-07-16 3 10 16 17 25 39 (19) 5675644  
2008-07-12 15 18 19 21 24 35 (37) 5510840  
2008-07-09 2 25 28 40 45 46 (34) 9993454  
2008-07-05 2 7 8 32 43 49 (48) 6471694  
2008-07-02 12 18 19 35 42 43 (44) 1220459  
2008-06-28 4 16 20 23 28 44 (32) 1181861  
2008-06-25 1 23 29 34 37 45 (08) 0742947  
2008-06-21 6 7 14 16 17 27 (32) 6224726  
2008-06-18 2 12 31 40 44 45 (11) 8699963  
2008-06-14 6 9 14 18 42 44 (36) 7813352  
2008-06-11 2 24 33 35 44 48 (37) 5015161  
2008-06-07 27 29 33 36 46 48 (24) 2088173  
2008-06-04 5 21 25 32 33 41 (45) 0301676  
2008-05-31 2 9 11 22 34 35 (26) 4161931  
2008-05-28 3 4 22 23 26 28 (08) 5470185  
2008-05-24 3 16 22 39 42 49 (28) 4358302  
2008-05-21 3 4 7 19 28 32 (06) 4637243  
2008-05-17 5 21 35 38 47 48 (45) 5510997  
2008-05-14 9 20 22 28 35 42 (15) 5790392  
2008-05-10 13 15 17 26 34 48 (25) 2964100  
2008-05-07 13 22 29 33 46 49 (18) 9984969  
2008-05-03 3 6 15 27 40 44 (41) 7402187  
2008-04-30 3 6 19 23 39 43 (14) 9270052  
2008-04-26 1 2 18 38 42 45 (30) 1651361  
2008-04-23 12 24 25 29 41 45 (14) 6570098  
2008-04-19 5 27 30 32 46 49 (09) 4863911  
2008-04-16 13 25 34 35 47 48 (22) 5294122  
2008-04-12 1 13 23 35 38 42 (22) 2976079  
2008-04-09 20 21 22 29 39 41 (25) 2564808  
2008-04-05 16 18 21 27 36 43 (44) 2631360  
2008-04-02 2 5 8 20 21 33 (11) 4234148  
2008-03-29 4 7 10 12 26 33 (24) 8239023  
2008-03-26 1 6 15 27 33 40 (46) 9200099  
2008-03-22 5 6 10 25 36 38 (07) 1211722  
2008-03-19 23 40 41 42 44 45 (43) 9981677  
2008-03-15 3 9 11 19 30 39 (20) 7048628  
2008-03-12 3 11 22 29 41 44 (48) 3721750  
2008-03-08 11 12 13 16 46 48 (28) 7275480  
2008-03-05 17 20 33 35 37 40 (25) 0051193  
2008-03-01 3 7 9 28 31 43 (02) 0053790  
2008-02-27 2 4 17 33 36 45 (35) 8269034  
2008-02-23 4 14 20 31 32 42 (18) 8518889  
2008-02-20 1 6 8 38 39 40 (31) 7917990  
2008-02-16 19 29 33 35 44 49 (22) 7181492  
2008-02-13 14 24 26 29 41 46 (22) 1988233  
2008-02-09 3 17 26 33 39 46 (18) 4918560  
2008-02-06 2 4 11 30 34 47 (42) 1694944  
2008-02-02 7 11 13 34 46 47 (09) 7141210  
2008-01-30 1 20 21 23 40 41 (12) 5585290  
2008-01-26 1 5 11 37 44 47 (36) 9223277  
2008-01-23 6 10 13 20 32 37 (34) 4273157  
2008-01-19 13 18 22 29 37 49 (47) 9946936  
2008-01-16 7 15 34 39 41 49 (22) 4484301  
2008-01-12 3 10 32 43 44 46 (35) 9994034  
2008-01-09 5 22 25 30 45 46 (41) 9872753  
2008-01-05 3 22 25 36 39 40 (41) 5357288  
2008-01-02 4 6 7 16 32 45 (43) 7737944  
2007-12-29 7 13 16 24 35 42 (01) 1657515  
2007-12-26 8 10 12 14 31 39 (09) 0235290  
2007-12-22 8 17 30 36 40 47 (24) 4736951  
2007-12-19 6 9 15 32 37 48 (38) 9525873  
2007-12-15 3 11 32 34 44 48 (33) 9167538  
2007-12-12 6 24 31 32 34 39 (22) 8477050  
2007-12-08 2 9 11 22 35 45 (31) 9904231  
2007-12-05 1 2 23 29 30 42 (12) 0619908  
2007-12-01 16 21 31 40 43 45 (37) 4247970   
