Fortis_Investment_Management 74332
ALMA_CONSULTING_GROUP 74339
FIDUCIAIRE_INTERNATIONALE_AUDIT_DELOITTE_+_TOUCHE_France 74139
Alberta_Blue_Cross 73339
National_Bank_of_Kuwait 72331
ORSYP_USA 74408
CISCO 61905
Alberta_Blue_Cross 74533
CISCO 74447
CISCO CISCO 74595
Alberta_Blue_Cross Alberta_Blue_Cross Alberta_Blue_Cross 74625
Alberta_Blue_Cross Alberta_Blue_Cross Alberta_Blue_Cross 74534
Alberta_Blue_Cross Alberta_Blue_Cross Alberta_Blue_Cross 74625
Alberta_Blue_Cross Alberta_Blue_Cross Alberta_Blue_Cross 74534
Alberta_Blue_Cross Alberta_Blue_Cross Alberta_Blue_Cross 74625
Warner_Bros Warner_Bros 73342
CISCO CISCO 74595
Alberta_Blue_Cross Alberta_Blue_Cross Alberta_Blue_Cross 74534
Warner_Bros Warner_Bros 73342
FEDEX 74668
74625
72471
73309
74702
74702
72471
73309
73342
73342
73342
73342
74192
74731
74731
74731
74711
74786
74786
74786
74860
73342
73342
69466
75073
75072
75073
75074
75073
75074
75073
75074
75074
75140
75140
75074
75074
75073
75074
73309
73689
75234
75001
75074
75140
75240
75236
72073
71362
75140
73342
75140
74731
75001
75001
75355
75114
75378
75378
75378
75140
75558
75001
75647
75001
75712
75378
75378
75584
75001
75001
75236
75712
75712
75750
75828
75943
75945
75712
75236
76075
76013
75750
75578
75888
75888
76119
76061
76091
76132
76013
75001
76200
76233
76242
76091
76242
76272
76152
76309
76152
76115
76152
76315
76324
76159
76442
76061
76458
76502
75750
75001
76587
76645
76665
76522
76552
76522
76753
76770
76814
76656
76656
76884
76770
76770
81921
76884
76884
81944
82153
82220
82220
82250
82250
82201
82326
82326
82271
82295
82564
82438
74474
76061
76061
82617
82438
82565
82438
82138
76648
82617
82803
82837
82387
82927
82833
82955
82989
82605
82359
82972
82539
82359
82998
82929
83265
83236
83436
83455
83455
83673
83674
83675
83455
83723
82227
83822
83326
83407
83766
84082
76061
84369
84346
84533
84525
83812
83853
84205
83873
84847
85495
85526
85874
86037
85914
86039
86033
86121
86767
86842
86886
86842
86996
86842
84128
86576
87345
86996
87383
86842
87534
87534
85317
86033
87731
86842
87742
87001
83577
86842
86778
87518
86696
84091
85317
85317
88044
86444
88189
87985
87985
88189
88094
88350
88189
88691
88486
88790
87603
88474
88550
84436
88980
86696
89120
86696
89120
89691
89176
89759
89311
88790
89311
89852
89852
90449
90366
90366
90278
90368
90283
90958
90958
91165
91238
91236
90881
91124
91224
84091
91124
91224
90969
91643
90969
90283
90366
90958
90770
91991
92074
91692
91692
92154
88790
92221
92221
92161
92284
92528
92284
92327
91421
91443
91427
91933
92690
92617
92604
92880
92828
92737
92872
92617
91427
91933
92876
93110
93100
84091
93426
93587
90786
93330
93867
93798
93798
93878
92979
94011
94011
93100
94056
94011
94167
94071
94011
93787
93900
86902
89667
93900
93183
88719
94741
89981
88719
94071
94741
94931
94936
94938
94931
94940
94942
94944
94946
94809
94946
94668
95383
94668
95485
95612
95602
95402
95496
94899
95612
91983
94468
94668
86444
92979
96003
96016
88980
90283
89981
92690
96188
91983
94946
95920
96207
96313
95917
96463
96715
96531
96846
96736
96736
96883
96883
95059
96883
94747
96849
96531
95059
96854
96953
97204
94668
97404
97361
97240
96954
96163
97400
94747
97409
97261
83775
97421
97421
97412
97412
97240
97032
97246
